V = 100.0, R_parallel = 0.6666666666666666, R_total = 200.66666666666666, I = 0.49833887043189373
V = 500.0, R_parallel = 7.5, R_total = 207.5, I = 2.4096385542168677
